0.558645 -9.553275 0.7500 0 0 1
0.558645 -9.145884 0.7500 0 0 1
0.558645 -8.738492 0.7500 0 0 1
0.558645 -8.331101 0.7500 0 0 1
0.558645 -7.923710 0.7500 0 0 1
0.558645 -7.516319 0.7500 0 0 1
0.558645 -7.108927 0.7500 0 0 1
0.558645 -6.701536 0.7500 0 0 1
0.558645 -6.294145 0.7500 0 0 1
0.558645 -5.886753 0.7500 0 0 1
0.558645 -5.479362 0.7500 0 0 1
0.558645 -5.071971 0.7500 0 0 1
0.558645 -4.664579 0.7500 0 0 1
0.558645 -4.257188 0.7500 0 0 1
0.558645 -3.849797 0.7500 0 0 1
0.558645 -3.442405 0.7500 0 0 1
0.558645 -3.035014 0.7500 0 0 1
0.558645 -2.627623 0.7500 0 0 1
0.558645 -2.220232 0.7500 0 0 1
0.558645 -1.812840 0.7500 0 0 1
0.558645 -1.405449 0.7500 0 0 1
0.558645 -0.998058 0.7500 0 0 1
0.558645 -0.590666 0.7500 0 0 1
0.558645 -0.183275 0.7500 0 0 1
0.961803 -9.553275 0.7500 0 0 1
0.961803 -9.145884 0.7500 0 0 1
0.961803 -8.738492 0.7500 0 0 1
0.961803 -8.331101 0.7500 0 0 1
0.961803 -7.923710 0.7500 0 0 1
0.961803 -7.516319 0.7500 0 0 1
0.961803 -7.108927 0.7500 0 0 1
0.961803 -6.701536 0.7500 0 0 1
0.961803 -6.294145 0.7500 0 0 1
0.961803 -5.886753 0.7500 0 0 1
0.961803 -5.479362 0.7500 0 0 1
0.961803 -5.071971 0.7500 0 0 1
0.961803 -4.664579 0.7500 0 0 1
0.961803 -4.257188 0.7500 0 0 1
0.961803 -3.849797 0.7500 0 0 1
0.961803 -3.442405 0.7500 0 0 1
0.961803 -3.035014 0.7500 0 0 1
0.961803 -2.627623 0.7500 0 0 1
0.961803 -2.220232 0.7500 0 0 1
0.961803 -1.812840 0.7500 0 0 1
0.961803 -1.405449 0.7500 0 0 1
0.961803 -0.998058 0.7500 0 0 1
0.961803 -0.590666 0.7500 0 0 1
0.961803 -0.183275 0.7500 0 0 1
1.364960 -9.553275 0.7500 0 0 1
1.364960 -9.145884 0.7500 0 0 1
1.364960 -8.738492 0.7500 0 0 1
1.364960 -8.331101 0.7500 0 0 1
1.364960 -7.923710 0.7500 0 0 1
1.364960 -7.516319 0.7500 0 0 1
1.364960 -7.108927 0.7500 0 0 1
1.364960 -6.701536 0.7500 0 0 1
1.364960 -6.294145 0.7500 0 0 1
1.364960 -5.886753 0.7500 0 0 1
1.364960 -5.479362 0.7500 0 0 1
1.364960 -5.071971 0.7500 0 0 1
1.364960 -4.664579 0.7500 0 0 1
1.364960 -4.257188 0.7500 0 0 1
1.364960 -3.849797 0.7500 0 0 1
1.364960 -3.442405 0.7500 0 0 1
1.364960 -3.035014 0.7500 0 0 1
1.364960 -2.627623 0.7500 0 0 1
1.364960 -2.220232 0.7500 0 0 1
1.364960 -1.812840 0.7500 0 0 1
1.364960 -1.405449 0.7500 0 0 1
1.364960 -0.998058 0.7500 0 0 1
1.364960 -0.590666 0.7500 0 0 1
1.364960 -0.183275 0.7500 0 0 1
1.768118 -9.553275 0.7500 0 0 1
1.768118 -9.145884 0.7500 0 0 1
1.768118 -8.738492 0.7500 0 0 1
1.768118 -8.331101 0.7500 0 0 1
1.768118 -7.923710 0.7500 0 0 1
1.768118 -7.516319 0.7500 0 0 1
1.768118 -7.108927 0.7500 0 0 1
1.768118 -6.701536 0.7500 0 0 1
1.768118 -6.294145 0.7500 0 0 1
1.768118 -5.886753 0.7500 0 0 1
1.768118 -5.479362 0.7500 0 0 1
1.768118 -5.071971 0.7500 0 0 1
1.768118 -4.664579 0.7500 0 0 1
1.768118 -4.257188 0.7500 0 0 1
1.768118 -3.849797 0.7500 0 0 1
1.768118 -3.442405 0.7500 0 0 1
1.768118 -3.035014 0.7500 0 0 1
1.768118 -2.627623 0.7500 0 0 1
1.768118 -2.220232 0.7500 0 0 1
1.768118 -1.812840 0.7500 0 0 1
1.768118 -1.405449 0.7500 0 0 1
1.768118 -0.998058 0.7500 0 0 1
1.768118 -0.590666 0.7500 0 0 1
1.768118 -0.183275 0.7500 0 0 1
2.171276 -9.553275 0.7500 0 0 1
2.171276 -9.145884 0.7500 0 0 1
2.171276 -8.738492 0.7500 0 0 1
2.171276 -8.331101 0.7500 0 0 1
2.171276 -7.923710 0.7500 0 0 1
2.171276 -7.516319 0.7500 0 0 1
2.171276 -7.108927 0.7500 0 0 1
2.171276 -6.701536 0.7500 0 0 1
2.171276 -6.294145 0.7500 0 0 1
2.171276 -5.886753 0.7500 0 0 1
2.171276 -5.479362 0.7500 0 0 1
2.171276 -5.071971 0.7500 0 0 1
2.171276 -4.664579 0.7500 0 0 1
2.171276 -4.257188 0.7500 0 0 1
2.171276 -3.849797 0.7500 0 0 1
2.171276 -3.442405 0.7500 0 0 1
2.171276 -3.035014 0.7500 0 0 1
2.171276 -2.627623 0.7500 0 0 1
2.171276 -2.220232 0.7500 0 0 1
2.171276 -1.812840 0.7500 0 0 1
2.171276 -1.405449 0.7500 0 0 1
2.171276 -0.998058 0.7500 0 0 1
2.171276 -0.590666 0.7500 0 0 1
2.171276 -0.183275 0.7500 0 0 1
2.574434 -9.553275 0.7500 0 0 1
2.574434 -9.145884 0.7500 0 0 1
2.574434 -8.738492 0.7500 0 0 1
2.574434 -8.331101 0.7500 0 0 1
2.574434 -7.923710 0.7500 0 0 1
2.574434 -7.516319 0.7500 0 0 1
2.574434 -7.108927 0.7500 0 0 1
2.574434 -6.701536 0.7500 0 0 1
2.574434 -6.294145 0.7500 0 0 1
2.574434 -5.886753 0.7500 0 0 1
2.574434 -5.479362 0.7500 0 0 1
2.574434 -5.071971 0.7500 0 0 1
2.574434 -4.664579 0.7500 0 0 1
2.574434 -4.257188 0.7500 0 0 1
2.574434 -3.849797 0.7500 0 0 1
2.574434 -3.442405 0.7500 0 0 1
2.574434 -3.035014 0.7500 0 0 1
2.574434 -2.627623 0.7500 0 0 1
2.574434 -2.220232 0.7500 0 0 1
2.574434 -1.812840 0.7500 0 0 1
2.574434 -1.405449 0.7500 0 0 1
2.574434 -0.998058 0.7500 0 0 1
2.574434 -0.590666 0.7500 0 0 1
2.574434 -0.183275 0.7500 0 0 1
2.977592 -9.553275 0.7500 0 0 1
2.977592 -9.145884 0.7500 0 0 1
2.977592 -8.738492 0.7500 0 0 1
2.977592 -8.331101 0.7500 0 0 1
2.977592 -7.923710 0.7500 0 0 1
2.977592 -7.516319 0.7500 0 0 1
2.977592 -7.108927 0.7500 0 0 1
2.977592 -6.701536 0.7500 0 0 1
2.977592 -6.294145 0.7500 0 0 1
2.977592 -5.886753 0.7500 0 0 1
2.977592 -5.479362 0.7500 0 0 1
2.977592 -5.071971 0.7500 0 0 1
2.977592 -4.664579 0.7500 0 0 1
2.977592 -4.257188 0.7500 0 0 1
2.977592 -3.849797 0.7500 0 0 1
2.977592 -3.442405 0.7500 0 0 1
2.977592 -3.035014 0.7500 0 0 1
2.977592 -2.627623 0.7500 0 0 1
2.977592 -2.220232 0.7500 0 0 1
2.977592 -1.812840 0.7500 0 0 1
2.977592 -1.405449 0.7500 0 0 1
2.977592 -0.998058 0.7500 0 0 1
2.977592 -0.590666 0.7500 0 0 1
2.977592 -0.183275 0.7500 0 0 1
3.380750 -9.553275 0.7500 0 0 1
3.380750 -9.145884 0.7500 0 0 1
3.380750 -8.738492 0.7500 0 0 1
3.380750 -8.331101 0.7500 0 0 1
3.380750 -7.923710 0.7500 0 0 1
3.380750 -7.516319 0.7500 0 0 1
3.380750 -7.108927 0.7500 0 0 1
3.380750 -6.701536 0.7500 0 0 1
3.380750 -6.294145 0.7500 0 0 1
3.380750 -5.886753 0.7500 0 0 1
3.380750 -5.479362 0.7500 0 0 1
3.380750 -5.071971 0.7500 0 0 1
3.380750 -4.664579 0.7500 0 0 1
3.380750 -4.257188 0.7500 0 0 1
3.380750 -3.849797 0.7500 0 0 1
3.380750 -3.442405 0.7500 0 0 1
3.380750 -3.035014 0.7500 0 0 1
3.380750 -2.627623 0.7500 0 0 1
3.380750 -2.220232 0.7500 0 0 1
3.380750 -1.812840 0.7500 0 0 1
3.380750 -1.405449 0.7500 0 0 1
3.380750 -0.998058 0.7500 0 0 1
3.380750 -0.590666 0.7500 0 0 1
3.380750 -0.183275 0.7500 0 0 1
3.783908 -9.553275 0.7500 0 0 1
3.783908 -9.145884 0.7500 0 0 1
3.783908 -8.738492 0.7500 0 0 1
3.783908 -8.331101 0.7500 0 0 1
3.783908 -7.923710 0.7500 0 0 1
3.783908 -7.516319 0.7500 0 0 1
3.783908 -7.108927 0.7500 0 0 1
3.783908 -6.701536 0.7500 0 0 1
3.783908 -6.294145 0.7500 0 0 1
3.783908 -5.886753 0.7500 0 0 1
3.783908 -5.479362 0.7500 0 0 1
3.783908 -5.071971 0.7500 0 0 1
3.783908 -4.664579 0.7500 0 0 1
3.783908 -4.257188 0.7500 0 0 1
3.783908 -3.849797 0.7500 0 0 1
3.783908 -3.442405 0.7500 0 0 1
3.783908 -3.035014 0.7500 0 0 1
3.783908 -2.627623 0.7500 0 0 1
3.783908 -2.220232 0.7500 0 0 1
3.783908 -1.812840 0.7500 0 0 1
3.783908 -1.405449 0.7500 0 0 1
3.783908 -0.998058 0.7500 0 0 1
3.783908 -0.590666 0.7500 0 0 1
3.783908 -0.183275 0.7500 0 0 1
4.187066 -9.553275 0.7500 0 0 1
4.187066 -9.145884 0.7500 0 0 1
4.187066 -8.738492 0.7500 0 0 1
4.187066 -8.331101 0.7500 0 0 1
4.187066 -7.923710 0.7500 0 0 1
4.187066 -7.516319 0.7500 0 0 1
4.187066 -7.108927 0.7500 0 0 1
4.187066 -6.701536 0.7500 0 0 1
4.187066 -6.294145 0.7500 0 0 1
4.187066 -5.886753 0.7500 0 0 1
4.187066 -5.479362 0.7500 0 0 1
4.187066 -5.071971 0.7500 0 0 1
4.187066 -4.664579 0.7500 0 0 1
4.187066 -4.257188 0.7500 0 0 1
4.187066 -3.849797 0.7500 0 0 1
4.187066 -3.442405 0.7500 0 0 1
4.187066 -3.035014 0.7500 0 0 1
4.187066 -2.627623 0.7500 0 0 1
4.187066 -2.220232 0.7500 0 0 1
4.187066 -1.812840 0.7500 0 0 1
4.187066 -1.405449 0.7500 0 0 1
4.187066 -0.998058 0.7500 0 0 1
4.187066 -0.590666 0.7500 0 0 1
4.187066 -0.183275 0.7500 0 0 1
4.590224 -9.553275 0.7500 0 0 1
4.590224 -9.145884 0.7500 0 0 1
4.590224 -8.738492 0.7500 0 0 1
4.590224 -8.331101 0.7500 0 0 1
4.590224 -7.923710 0.7500 0 0 1
4.590224 -7.516319 0.7500 0 0 1
4.590224 -7.108927 0.7500 0 0 1
4.590224 -6.701536 0.7500 0 0 1
4.590224 -6.294145 0.7500 0 0 1
4.590224 -5.886753 0.7500 0 0 1
4.590224 -5.479362 0.7500 0 0 1
4.590224 -5.071971 0.7500 0 0 1
4.590224 -4.664579 0.7500 0 0 1
4.590224 -4.257188 0.7500 0 0 1
4.590224 -3.849797 0.7500 0 0 1
4.590224 -3.442405 0.7500 0 0 1
4.590224 -3.035014 0.7500 0 0 1
4.590224 -2.627623 0.7500 0 0 1
4.590224 -2.220232 0.7500 0 0 1
4.590224 -1.812840 0.7500 0 0 1
4.590224 -1.405449 0.7500 0 0 1
4.590224 -0.998058 0.7500 0 0 1
4.590224 -0.590666 0.7500 0 0 1
4.590224 -0.183275 0.7500 0 0 1
4.993381 -9.553275 0.7500 0 0 1
4.993381 -9.145884 0.7500 0 0 1
4.993381 -8.738492 0.7500 0 0 1
4.993381 -8.331101 0.7500 0 0 1
4.993381 -7.923710 0.7500 0 0 1
4.993381 -7.516319 0.7500 0 0 1
4.993381 -7.108927 0.7500 0 0 1
4.993381 -6.701536 0.7500 0 0 1
4.993381 -6.294145 0.7500 0 0 1
4.993381 -5.886753 0.7500 0 0 1
4.993381 -5.479362 0.7500 0 0 1
4.993381 -5.071971 0.7500 0 0 1
4.993381 -4.664579 0.7500 0 0 1
4.993381 -4.257188 0.7500 0 0 1
4.993381 -3.849797 0.7500 0 0 1
4.993381 -3.442405 0.7500 0 0 1
4.993381 -3.035014 0.7500 0 0 1
4.993381 -2.627623 0.7500 0 0 1
4.993381 -2.220232 0.7500 0 0 1
4.993381 -1.812840 0.7500 0 0 1
4.993381 -1.405449 0.7500 0 0 1
4.993381 -0.998058 0.7500 0 0 1
4.993381 -0.590666 0.7500 0 0 1
4.993381 -0.183275 0.7500 0 0 1
5.396539 -9.553275 0.7500 0 0 1
5.396539 -9.145884 0.7500 0 0 1
5.396539 -8.738492 0.7500 0 0 1
5.396539 -8.331101 0.7500 0 0 1
5.396539 -7.923710 0.7500 0 0 1
5.396539 -7.516319 0.7500 0 0 1
5.396539 -7.108927 0.7500 0 0 1
5.396539 -6.701536 0.7500 0 0 1
5.396539 -6.294145 0.7500 0 0 1
5.396539 -5.886753 0.7500 0 0 1
5.396539 -5.479362 0.7500 0 0 1
5.396539 -5.071971 0.7500 0 0 1
5.396539 -4.664579 0.7500 0 0 1
5.396539 -4.257188 0.7500 0 0 1
5.396539 -3.849797 0.7500 0 0 1
5.396539 -3.442405 0.7500 0 0 1
5.396539 -3.035014 0.7500 0 0 1
5.396539 -2.627623 0.7500 0 0 1
5.396539 -2.220232 0.7500 0 0 1
5.396539 -1.812840 0.7500 0 0 1
5.396539 -1.405449 0.7500 0 0 1
5.396539 -0.998058 0.7500 0 0 1
5.396539 -0.590666 0.7500 0 0 1
5.396539 -0.183275 0.7500 0 0 1
5.799697 -9.553275 0.7500 0 0 1
5.799697 -9.145884 0.7500 0 0 1
5.799697 -8.738492 0.7500 0 0 1
5.799697 -8.331101 0.7500 0 0 1
5.799697 -7.923710 0.7500 0 0 1
5.799697 -7.516319 0.7500 0 0 1
5.799697 -7.108927 0.7500 0 0 1
5.799697 -6.701536 0.7500 0 0 1
5.799697 -6.294145 0.7500 0 0 1
5.799697 -5.886753 0.7500 0 0 1
5.799697 -5.479362 0.7500 0 0 1
5.799697 -5.071971 0.7500 0 0 1
5.799697 -4.664579 0.7500 0 0 1
5.799697 -4.257188 0.7500 0 0 1
5.799697 -3.849797 0.7500 0 0 1
5.799697 -3.442405 0.7500 0 0 1
5.799697 -3.035014 0.7500 0 0 1
5.799697 -2.627623 0.7500 0 0 1
5.799697 -2.220232 0.7500 0 0 1
5.799697 -1.812840 0.7500 0 0 1
5.799697 -1.405449 0.7500 0 0 1
5.799697 -0.998058 0.7500 0 0 1
5.799697 -0.590666 0.7500 0 0 1
5.799697 -0.183275 0.7500 0 0 1
6.202855 -9.553275 0.7500 0 0 1
6.202855 -9.145884 0.7500 0 0 1
6.202855 -8.738492 0.7500 0 0 1
6.202855 -8.331101 0.7500 0 0 1
6.202855 -7.923710 0.7500 0 0 1
6.202855 -7.516319 0.7500 0 0 1
6.202855 -7.108927 0.7500 0 0 1
6.202855 -6.701536 0.7500 0 0 1
6.202855 -6.294145 0.7500 0 0 1
6.202855 -5.886753 0.7500 0 0 1
6.202855 -5.479362 0.7500 0 0 1
6.202855 -5.071971 0.7500 0 0 1
6.202855 -4.664579 0.7500 0 0 1
6.202855 -4.257188 0.7500 0 0 1
6.202855 -3.849797 0.7500 0 0 1
6.202855 -3.442405 0.7500 0 0 1
6.202855 -3.035014 0.7500 0 0 1
6.202855 -2.627623 0.7500 0 0 1
6.202855 -2.220232 0.7500 0 0 1
6.202855 -1.812840 0.7500 0 0 1
6.202855 -1.405449 0.7500 0 0 1
6.202855 -0.998058 0.7500 0 0 1
6.202855 -0.590666 0.7500 0 0 1
6.202855 -0.183275 0.7500 0 0 1
6.606013 -9.553275 0.7500 0 0 1
6.606013 -9.145884 0.7500 0 0 1
6.606013 -8.738492 0.7500 0 0 1
6.606013 -8.331101 0.7500 0 0 1
6.606013 -7.923710 0.7500 0 0 1
6.606013 -7.516319 0.7500 0 0 1
6.606013 -7.108927 0.7500 0 0 1
6.606013 -6.701536 0.7500 0 0 1
6.606013 -6.294145 0.7500 0 0 1
6.606013 -5.886753 0.7500 0 0 1
6.606013 -5.479362 0.7500 0 0 1
6.606013 -5.071971 0.7500 0 0 1
6.606013 -4.664579 0.7500 0 0 1
6.606013 -4.257188 0.7500 0 0 1
6.606013 -3.849797 0.7500 0 0 1
6.606013 -3.442405 0.7500 0 0 1
6.606013 -3.035014 0.7500 0 0 1
6.606013 -2.627623 0.7500 0 0 1
6.606013 -2.220232 0.7500 0 0 1
6.606013 -1.812840 0.7500 0 0 1
6.606013 -1.405449 0.7500 0 0 1
6.606013 -0.998058 0.7500 0 0 1
6.606013 -0.590666 0.7500 0 0 1
6.606013 -0.183275 0.7500 0 0 1
7.009171 -9.553275 0.7500 0 0 1
7.009171 -9.145884 0.7500 0 0 1
7.009171 -8.738492 0.7500 0 0 1
7.009171 -8.331101 0.7500 0 0 1
7.009171 -7.923710 0.7500 0 0 1
7.009171 -7.516319 0.7500 0 0 1
7.009171 -7.108927 0.7500 0 0 1
7.009171 -6.701536 0.7500 0 0 1
7.009171 -6.294145 0.7500 0 0 1
7.009171 -5.886753 0.7500 0 0 1
7.009171 -5.479362 0.7500 0 0 1
7.009171 -5.071971 0.7500 0 0 1
7.009171 -4.664579 0.7500 0 0 1
7.009171 -4.257188 0.7500 0 0 1
7.009171 -3.849797 0.7500 0 0 1
7.009171 -3.442405 0.7500 0 0 1
7.009171 -3.035014 0.7500 0 0 1
7.009171 -2.627623 0.7500 0 0 1
7.009171 -2.220232 0.7500 0 0 1
7.009171 -1.812840 0.7500 0 0 1
7.009171 -1.405449 0.7500 0 0 1
7.009171 -0.998058 0.7500 0 0 1
7.009171 -0.590666 0.7500 0 0 1
7.009171 -0.183275 0.7500 0 0 1
7.412329 -9.553275 0.7500 0 0 1
7.412329 -9.145884 0.7500 0 0 1
7.412329 -8.738492 0.7500 0 0 1
7.412329 -8.331101 0.7500 0 0 1
7.412329 -7.923710 0.7500 0 0 1
7.412329 -7.516319 0.7500 0 0 1
7.412329 -7.108927 0.7500 0 0 1
7.412329 -6.701536 0.7500 0 0 1
7.412329 -6.294145 0.7500 0 0 1
7.412329 -5.886753 0.7500 0 0 1
7.412329 -5.479362 0.7500 0 0 1
7.412329 -5.071971 0.7500 0 0 1
7.412329 -4.664579 0.7500 0 0 1
7.412329 -4.257188 0.7500 0 0 1
7.412329 -3.849797 0.7500 0 0 1
7.412329 -3.442405 0.7500 0 0 1
7.412329 -3.035014 0.7500 0 0 1
7.412329 -2.627623 0.7500 0 0 1
7.412329 -2.220232 0.7500 0 0 1
7.412329 -1.812840 0.7500 0 0 1
7.412329 -1.405449 0.7500 0 0 1
7.412329 -0.998058 0.7500 0 0 1
7.412329 -0.590666 0.7500 0 0 1
7.412329 -0.183275 0.7500 0 0 1
7.815487 -9.553275 0.7500 0 0 1
7.815487 -9.145884 0.7500 0 0 1
7.815487 -8.738492 0.7500 0 0 1
7.815487 -8.331101 0.7500 0 0 1
7.815487 -7.923710 0.7500 0 0 1
7.815487 -7.516319 0.7500 0 0 1
7.815487 -7.108927 0.7500 0 0 1
7.815487 -6.701536 0.7500 0 0 1
7.815487 -6.294145 0.7500 0 0 1
7.815487 -5.886753 0.7500 0 0 1
7.815487 -5.479362 0.7500 0 0 1
7.815487 -5.071971 0.7500 0 0 1
7.815487 -4.664579 0.7500 0 0 1
7.815487 -4.257188 0.7500 0 0 1
7.815487 -3.849797 0.7500 0 0 1
7.815487 -3.442405 0.7500 0 0 1
7.815487 -3.035014 0.7500 0 0 1
7.815487 -2.627623 0.7500 0 0 1
7.815487 -2.220232 0.7500 0 0 1
7.815487 -1.812840 0.7500 0 0 1
7.815487 -1.405449 0.7500 0 0 1
7.815487 -0.998058 0.7500 0 0 1
7.815487 -0.590666 0.7500 0 0 1
7.815487 -0.183275 0.7500 0 0 1
8.218645 -9.553275 0.7500 0 0 1
8.218645 -9.145884 0.7500 0 0 1
8.218645 -8.738492 0.7500 0 0 1
8.218645 -8.331101 0.7500 0 0 1
8.218645 -7.923710 0.7500 0 0 1
8.218645 -7.516319 0.7500 0 0 1
8.218645 -7.108927 0.7500 0 0 1
8.218645 -6.701536 0.7500 0 0 1
8.218645 -6.294145 0.7500 0 0 1
8.218645 -5.886753 0.7500 0 0 1
8.218645 -5.479362 0.7500 0 0 1
8.218645 -5.071971 0.7500 0 0 1
8.218645 -4.664579 0.7500 0 0 1
8.218645 -4.257188 0.7500 0 0 1
8.218645 -3.849797 0.7500 0 0 1
8.218645 -3.442405 0.7500 0 0 1
8.218645 -3.035014 0.7500 0 0 1
8.218645 -2.627623 0.7500 0 0 1
8.218645 -2.220232 0.7500 0 0 1
8.218645 -1.812840 0.7500 0 0 1
8.218645 -1.405449 0.7500 0 0 1
8.218645 -0.998058 0.7500 0 0 1
8.218645 -0.590666 0.7500 0 0 1
8.218645 -0.183275 0.7500 0 0 1
